param samplesS = 50;
param samplesP = 50;
#set P := 0.87266 0.88691 0.90116 0.91541 0.92965 0.9439 0.95815 0.9724 0.98665 1.0009 1.0151 1.0294 1.0436 1.0579 1.0721 1.0864 1.1006 1.1149 1.1291 1.1434 1.1576 1.1719 1.1861 1.2004 1.2146 1.2289 1.2431 1.2573 1.2716 1.2858 1.3001 1.3143 1.3286 1.3428 1.3571 1.3713 1.3856 1.3998 1.4141 1.4283 1.4426 1.4568 1.4711 1.4853 1.4996 1.5138 1.5281 1.5423 1.5565 1.5708;
#set S := 0 0.014248 0.028495 0.042743 0.05699 0.071238 0.085486 0.099733 0.11398 0.12823 0.14248 0.15672 0.17097 0.18522 0.19947 0.21371 0.22796 0.24221 0.25646 0.2707 0.28495 0.2992 0.31345 0.32769 0.34194 0.35619 0.37044 0.38468 0.39893 0.41318 0.42743 0.44168 0.45592 0.47017 0.48442 0.49867 0.51291 0.52716 0.54141 0.55566 0.5699 0.58415 0.5984 0.61265 0.62689 0.64114 0.65539 0.66964 0.68388 0.69813;
param N := 40;
param diS: 1 2 3 4 5 6 7 8 9 10 11 12 13 14 15 16 17 18 19 20 21 22 23 24 25 26 27 28 29 30 31 32 33 34 35 36 37 38 39 40 41 42 43 44 45 46 47 48 49 50 :=
1 5.6782 5.6783 5.6787 5.6793 5.6801 5.6812 5.6825 5.684 5.6858 5.6878 5.6901 5.6926 5.6953 5.6982 5.7014 5.7048 5.7084 5.7122 5.7162 5.7205 5.7249 5.7296 5.7344 5.7395 5.7447 5.7502 5.7558 5.7616 5.7676 5.7737 5.78 5.7865 5.7931 5.7999 5.8069 5.8139 5.8211 5.8285 5.8359 5.8435 5.8512 5.859 5.8669 5.8749 5.883 5.8912 5.8994 5.9077 5.9161 5.9245
2 4.037 4.0374 4.0387 4.0407 4.0436 4.0473 4.0518 4.0571 4.0632 4.0701 4.0779 4.0864 4.0957 4.1058 4.1167 4.1284 4.1409 4.1541 4.168 4.1827 4.1982 4.2143 4.2312 4.2488 4.2671 4.2861 4.3057 4.3261 4.347 4.3686 4.3909 4.4137 4.4371 4.4611 4.4857 4.5108 4.5365 4.5627 4.5893 4.6165 4.6441 4.6721 4.7006 4.7294 4.7586 4.7882 4.8182 4.8484 4.8789 4.9097
3 1.8257 1.8264 1.8285 1.832 1.8368 1.8431 1.8508 1.8599 1.8704 1.8822 1.8955 1.9101 1.9261 1.9435 1.9623 1.9824 2.0039 2.0268 2.051 2.0766 2.1035 2.1318 2.1614 2.1923 2.2245 2.258 2.2928 2.3289 2.3663 2.4049 2.4448 2.4858 2.5281 2.5716 2.6163 2.6621 2.709 2.7571 2.8062 2.8565 2.9077 2.96 3.0132 3.0674 3.1226 3.1786 3.2355 3.2932 3.3517 3.4109
4 -0.34533 -0.34453 -0.34216 -0.3382 -0.33265 -0.32552 -0.31679 -0.30646 -0.29452 -0.28098 -0.26581 -0.24902 -0.23059 -0.21052 -0.1888 -0.16541 -0.14035 -0.1136 -0.085156 -0.055003 -0.02313 0.010475 0.045822 0.082923 0.12179 0.16243 0.20486 0.24908 0.2951 0.34294 0.39259 0.44406 0.49737 0.5525 0.60946 0.66826 0.72888 0.79133 0.8556 0.92169 0.98957 1.0592 1.1307 1.2039 1.2788 1.3554 1.4338 1.5137 1.5953 1.6785
5 -1.9116 -1.911 -1.9093 -1.9065 -1.9025 -1.8973 -1.8909 -1.8834 -1.8746 -1.8647 -1.8534 -1.8409 -1.8271 -1.812 -1.7954 -1.7775 -1.7581 -1.7373 -1.7149 -1.691 -1.6655 -1.6383 -1.6094 -1.5787 -1.5462 -1.5119 -1.4757 -1.4375 -1.3973 -1.3551 -1.3107 -1.2642 -1.2154 -1.1644 -1.1111 -1.0554 -0.99726 -0.93668 -0.8736 -0.80798 -0.73978 -0.66897 -0.59552 -0.51941 -0.4406 -0.35909 -0.27486 -0.18789 -0.098203 -0.0057846
6 -2.5258 -2.5257 -2.5255 -2.5252 -2.5247 -2.5241 -2.5233 -2.5224 -2.5211 -2.5196 -2.5179 -2.5157 -2.5132 -2.5102 -2.5068 -2.5027 -2.4981 -2.4928 -2.4867 -2.4797 -2.4719 -2.463 -2.453 -2.4419 -2.4295 -2.4157 -2.4004 -2.3835 -2.365 -2.3446 -2.3223 -2.298 -2.2716 -2.2428 -2.2117 -2.1781 -2.1419 -2.1029 -2.0611 -2.0163 -1.9684 -1.9173 -1.8629 -1.8051 -1.7437 -1.6787 -1.61 -1.5375 -1.4611 -1.3807
7 -2.1527 -2.1533 -2.155 -2.1578 -2.1617 -2.1668 -2.1729 -2.18 -2.1882 -2.1974 -2.2075 -2.2185 -2.2303 -2.2429 -2.2563 -2.2703 -2.2849 -2.2999 -2.3154 -2.3313 -2.3473 -2.3635 -2.3797 -2.3958 -2.4116 -2.4271 -2.4422 -2.4565 -2.4701 -2.4828 -2.4943 -2.5046 -2.5134 -2.5206 -2.526 -2.5294 -2.5306 -2.5294 -2.5256 -2.5191 -2.5095 -2.4967 -2.4804 -2.4605 -2.4368 -2.409 -2.3769 -2.3404 -2.2992 -2.2531
8 -1.061 -1.062 -1.0652 -1.0705 -1.0779 -1.0874 -1.099 -1.1126 -1.1283 -1.1461 -1.1658 -1.1876 -1.2113 -1.2369 -1.2643 -1.2936 -1.3247 -1.3575 -1.392 -1.428 -1.4656 -1.5046 -1.5449 -1.5864 -1.6291 -1.6728 -1.7174 -1.7627 -1.8086 -1.8549 -1.9016 -1.9483 -1.9948 -2.0411 -2.0869 -2.1319 -2.1759 -2.2187 -2.26 -2.2995 -2.3369 -2.372 -2.4044 -2.4339 -2.4601 -2.4826 -2.5013 -2.5156 -2.5254 -2.5302
9 0.28385 0.28266 0.2791 0.27316 0.26484 0.25412 0.24101 0.22549 0.20755 0.18717 0.16435 0.13908 0.11132 0.081088 0.048357 0.013121 -0.024628 -0.064892 -0.10767 -0.15296 -0.20076 -0.25104 -0.30378 -0.35896 -0.41653 -0.47645 -0.53865 -0.60307 -0.66961 -0.73819 -0.80869 -0.88099 -0.95493 -1.0304 -1.1071 -1.185 -1.2637 -1.3431 -1.423 -1.5029 -1.5827 -1.6619 -1.7404 -1.8176 -1.8932 -1.9669 -2.0381 -2.1065 -2.1716 -2.2329
10 1.384 1.3832 1.3806 1.3764 1.3703 1.3626 1.353 1.3416 1.3283 1.3131 1.2959 1.2766 1.2552 1.2316 1.2058 1.1775 1.1468 1.1136 1.0778 1.0392 0.99781 0.95355 0.9063 0.856 0.80257 0.74593 0.68602 0.6228 0.55622 0.48624 0.41286 0.33608 0.25592 0.17241 0.085617 -0.0043819 -0.097476 -0.19353 -0.29239 -0.39385 -0.4977 -0.60367 -0.71149 -0.82081 -0.93129 -1.0425 -1.1541 -1.2655 -1.3762 -1.4858
11 1.8754 1.8753 1.8749 1.8741 1.8731 1.8717 1.8698 1.8675 1.8647 1.8612 1.8569 1.8519 1.8459 1.8388 1.8305 1.8208 1.8097 1.7969 1.7822 1.7655 1.7466 1.7253 1.7015 1.6748 1.6451 1.6122 1.5759 1.536 1.4923 1.4446 1.3927 1.3365 1.2757 1.2102 1.14 1.0648 0.98469 0.89949 0.80921 0.71385 0.61346 0.50812 0.39794 0.2831 0.1638 0.040326 -0.087016 -0.21785 -0.35174 -0.4882
12 1.6384 1.6391 1.6412 1.6446 1.6494 1.6555 1.6629 1.6715 1.6811 1.6918 1.7035 1.716 1.7291 1.7429 1.7571 1.7715 1.786 1.8003 1.8144 1.8279 1.8406 1.8523 1.8627 1.8715 1.8785 1.8832 1.8855 1.885 1.8813 1.8742 1.8632 1.848 1.8283 1.8037 1.7738 1.7384 1.6971 1.6497 1.5957 1.535 1.4673 1.3925 1.3104 1.2209 1.1238 1.0193 0.90738 0.78816 0.66184 0.52871
13 0.81925 0.82058 0.82456 0.83118 0.84044 0.8523 0.86675 0.88374 0.90324 0.9252 0.94955 0.97623 1.0052 1.0362 1.0694 1.1044 1.1413 1.1798 1.2198 1.2611 1.3035 1.3468 1.3907 1.4349 1.4792 1.5232 1.5666 1.6091 1.6502 1.6895 1.7266 1.7611 1.7924 1.8201 1.8436 1.8624 1.876 1.8839 1.8855 1.8802 1.8675 1.847 1.8181 1.7804 1.7334 1.6768 1.6103 1.5336 1.4464 1.3488
14 -0.24064 -0.23915 -0.2347 -0.22728 -0.21688 -0.20348 -0.18708 -0.16765 -0.14519 -0.11968 -0.091096 -0.059431 -0.024674 0.013178 0.054124 0.098152 0.14524 0.19536 0.24846 0.30448 0.36332 0.4249 0.48907 0.5557 0.62458 0.69551 0.76824 0.8425 0.91796 0.99426 1.071 1.1478 1.224 1.2993 1.373 1.4446 1.5134 1.5786 1.6397 1.6958 1.7462 1.7901 1.8266 1.8551 1.8747 1.8846 1.884 1.8723 1.8488 1.8128
15 -1.1386 -1.1375 -1.1343 -1.129 -1.1214 -1.1117 -1.0996 -1.0852 -1.0684 -1.049 -1.027 -1.0022 -0.97458 -0.94397 -0.91026 -0.87332 -0.83301 -0.78922 -0.74182 -0.6907 -0.63576 -0.57691 -0.51408 -0.44723 -0.37632 -0.30136 -0.22239 -0.13948 -0.052738 0.037667 0.13153 0.22858 0.32852 0.43094 0.53542 0.64145 0.74843 0.85574 0.96265 1.0684 1.1721 1.2728 1.3696 1.4615 1.5474 1.6261 1.6966 1.7576 1.8081 1.8469
16 -1.5575 -1.5573 -1.5568 -1.5557 -1.5542 -1.5522 -1.5495 -1.5461 -1.5418 -1.5365 -1.5301 -1.5223 -1.5129 -1.5017 -1.4886 -1.4732 -1.4553 -1.4347 -1.411 -1.3839 -1.3533 -1.3187 -1.2799 -1.2367 -1.1886 -1.1356 -1.0773 -1.0135 -0.94412 -0.86891 -0.7878 -0.70074 -0.60775 -0.50888 -0.40429 -0.29419 -0.17889 -0.058799 0.065602 0.19371 0.32483 0.45816 0.59277 0.72764 0.86164 0.99355 1.122 1.2457 1.363 1.4725
17 -1.374 -1.3748 -1.3772 -1.3812 -1.3867 -1.3937 -1.4021 -1.4117 -1.4225 -1.4342 -1.4468 -1.4601 -1.4737 -1.4875 -1.5013 -1.5147 -1.5274 -1.539 -1.5493 -1.5579 -1.5643 -1.5681 -1.5688 -1.5661 -1.5593 -1.5482 -1.532 -1.5104 -1.4829 -1.449 -1.4083 -1.3602 -1.3045 -1.2408 -1.1689 -1.0884 -0.99926 -0.90147 -0.79505 -0.68018 -0.55716 -0.42641 -0.28851 -0.14418 0.0057067 0.1601 0.3178 0.47744 0.63749 0.79628
18 -0.69102 -0.69257 -0.69722 -0.70495 -0.71574 -0.72955 -0.74634 -0.76605 -0.78859 -0.81389 -0.84183 -0.8723 -0.90513 -0.94017 -0.97722 -1.0161 -1.0564 -1.0981 -1.1406 -1.1838 -1.2271 -1.2702 -1.3126 -1.3538 -1.3933 -1.4304 -1.4645 -1.495 -1.5213 -1.5425 -1.5579 -1.5669 -1.5687 -1.5624 -1.5475 -1.5232 -1.4889 -1.4439 -1.3879 -1.3202 -1.2407 -1.1492 -1.0455 -0.92994 -0.8027 -0.66432 -0.51551 -0.35722 -0.19062 -0.017098
19 0.21192 0.21019 0.205 0.19634 0.1842 0.16857 0.14941 0.12673 0.10049 0.070675 0.037281 0.00029921 -0.040265 -0.084393 -0.13205 -0.18318 -0.2377 -0.2955 -0.35644 -0.42034 -0.48698 -0.55609 -0.62735 -0.70039 -0.77477 -0.85 -0.92553 -1.0007 -1.0749 -1.1473 -1.2171 -1.2835 -1.3454 -1.4019 -1.452 -1.4945 -1.5285 -1.5528 -1.5664 -1.5682 -1.5572 -1.5326 -1.4935 -1.4393 -1.3694 -1.2837 -1.1818 -1.0641 -0.93079 -0.78271
20 0.98965 0.98841 0.98468 0.97843 0.96962 0.95816 0.94398 0.92697 0.90701 0.88396 0.85768 0.82802 0.7948 0.75787 0.71705 0.6722 0.62314 0.56976 0.51193 0.44955 0.38258 0.31097 0.23477 0.15404 0.068935 -0.020351 -0.11353 -0.21024 -0.31001 -0.41231 -0.51647 -0.62173 -0.72724 -0.83201 -0.93498 -1.0349 -1.1306 -1.2207 -1.3037 -1.3782 -1.4425 -1.4953 -1.5349 -1.5599 -1.5689 -1.5607 -1.534 -1.488 -1.4221 -1.3357
21 1.3606 1.3603 1.3596 1.3583 1.3564 1.3539 1.3504 1.346 1.3403 1.3333 1.3246 1.314 1.3012 1.2858 1.2676 1.2462 1.2212 1.1923 1.159 1.1211 1.078 1.0296 0.97538 0.91514 0.84858 0.7755 0.69578 0.60932 0.51617 0.41643 0.31034 0.19826 0.080664 -0.041797 -0.16834 -0.29801 -0.4297 -0.56213 -0.69385 -0.82327 -0.94864 -1.0681 -1.1796 -1.2812 -1.3708 -1.4461 -1.5052 -1.546 -1.5667 -1.5655
22 1.2065 1.2074 1.2101 1.2146 1.2207 1.2284 1.2376 1.248 1.2596 1.2721 1.2852 1.2986 1.3121 1.3252 1.3375 1.3487 1.3583 1.3657 1.3705 1.372 1.3697 1.3629 1.3511 1.3337 1.3099 1.2791 1.2408 1.1945 1.1395 1.0756 1.0022 0.91926 0.82656 0.72413 0.61217 0.49105 0.36133 0.2238 0.079465 -0.07042 -0.22436 -0.38063 -0.53724 -0.692 -0.8425 -0.98617 -1.1203 -1.2421 -1.3486 -1.4372
23 0.60864 0.61039 0.61562 0.62432 0.63644 0.65194 0.67074 0.69275 0.71786 0.74593 0.77679 0.81025 0.84608 0.884 0.92371 0.96484 1.007 1.0497 1.0925 1.1348 1.1759 1.2153 1.252 1.2855 1.3147 1.3389 1.3572 1.3685 1.372 1.3666 1.3515 1.3259 1.2888 1.2396 1.1776 1.1025 1.0139 0.91182 0.79641 0.66812 0.5277 0.37621 0.21505 0.045966 -0.12896 -0.30728 -0.48625 -0.66279 -0.83359 -0.99513
24 -0.19135 -0.18941 -0.18357 -0.17382 -0.16016 -0.14256 -0.12099 -0.095444 -0.065888 -0.032314 0.0052799 0.046882 0.092458 0.14195 0.19526 0.25226 0.31278 0.37658 0.44337 0.5128 0.58443 0.65776 0.73218 0.80701 0.88148 0.95469 1.0257 1.0934 1.1567 1.2144 1.2651 1.3076 1.3404 1.3622 1.3717 1.3675 1.3486 1.3138 1.2622 1.1933 1.1065 1.002 0.87985 0.74089 0.5862 0.41738 0.2365 0.046115 -0.15073 -0.35056
25 -0.88707 -0.88568 -0.88148 -0.87444 -0.86449 -0.85153 -0.83544 -0.81608 -0.79329 -0.76688 -0.73667 -0.70245 -0.66403 -0.62119 -0.57374 -0.52152 -0.46436 -0.40216 -0.33484 -0.26239 -0.18486 -0.10239 -0.015174 0.076446 0.17204 0.27105 0.37277 0.47638 0.58088 0.68514 0.78788 0.88766 0.98291 1.0719 1.153 1.2241 1.2834 1.329 1.359 1.3717 1.3653 1.3386 1.2904 1.2198 1.1266 1.0109 0.87342 0.71533 0.53858 0.34573
26 -1.2233 -1.223 -1.2221 -1.2207 -1.2184 -1.2153 -1.2112 -1.2057 -1.1988 -1.19 -1.179 -1.1655 -1.1491 -1.1294 -1.1059 -1.0781 -1.0457 -1.0081 -0.96494 -0.91572 -0.86005 -0.79759 -0.72805 -0.65122 -0.56697 -0.47531 -0.37638 -0.27047 -0.15803 -0.039721 0.083605 0.21087 0.34079 0.47181 0.6022 0.72996 0.85293 0.96876 1.0749 1.1689 1.248 1.3097 1.3514 1.3708 1.366 1.3352 1.2772 1.1915 1.0781 0.93768
27 -1.0883 -1.0893 -1.0922 -1.0971 -1.1038 -1.1121 -1.122 -1.1331 -1.1453 -1.1581 -1.1714 -1.1846 -1.1973 -1.209 -1.2192 -1.2272 -1.2326 -1.2344 -1.2321 -1.225 -1.2121 -1.1928 -1.1663 -1.1319 -1.0888 -1.0364 -0.97415 -0.90162 -0.81851 -0.72467 -0.62019 -0.50535 -0.38073 -0.24716 -0.1058 0.041878 0.19407 0.34862 0.50307 0.65465 0.80031 0.93678 1.0607 1.1684 1.2566 1.3219 1.3611 1.3716 1.3512 1.2982
28 -0.55005 -0.55197 -0.55773 -0.56729 -0.58061 -0.5976 -0.61818 -0.64221 -0.66953 -0.69996 -0.73324 -0.76909 -0.80719 -0.84714 -0.88848 -0.9307 -0.9732 -1.0153 -1.0563 -1.0953 -1.1316 -1.164 -1.1915 -1.2132 -1.2278 -1.2342 -1.2313 -1.2179 -1.193 -1.1555 -1.1046 -1.0397 -0.96015 -0.86581 -0.75675 -0.63339 -0.49654 -0.34744 -0.18779 -0.019752 0.15405 0.3305 0.50607 0.67686 0.83862 0.98691 1.1172 1.2249 1.3058 1.356
29 0.17574 0.1736 0.16718 0.15646 0.14143 0.12205 0.098309 0.070176 0.037635 0.00068095 -0.04067 -0.086376 -0.13636 -0.1905 -0.24862 -0.31048 -0.37576 -0.44408 -0.51492 -0.5877 -0.6617 -0.73609 -0.80992 -0.88211 -0.95144 -1.0166 -1.0761 -1.1286 -1.1722 -1.2055 -1.2268 -1.2344 -1.2269 -1.2027 -1.1608 -1.1002 -1.0203 -0.92087 -0.8022 -0.66509 -0.51092 -0.34169 -0.16007 0.030637 0.22649 0.42295 0.61498 0.79714 0.96372 1.109
30 0.81093 0.8094 0.80478 0.79702 0.78604 0.7717 0.75385 0.73231 0.70687 0.67731 0.64339 0.60487 0.5615 0.51307 0.45936 0.40023 0.33554 0.26526 0.18942 0.10814 0.021677 -0.069596 -0.16515 -0.26429 -0.36615 -0.46966 -0.57356 -0.67641 -0.77653 -0.8721 -0.96111 -1.0414 -1.1107 -1.1668 -1.2074 -1.2301 -1.2331 -1.2144 -1.1726 -1.1066 -1.016 -0.9009 -0.76216 -0.60146 -0.42131 -0.22511 -0.017144 0.19748 0.41288 0.62257
31 1.1206 1.1203 1.1193 1.1176 1.1151 1.1115 1.1066 1.1002 1.0919 1.0813 1.068 1.0515 1.0314 1.0071 0.97809 0.9438 0.90369 0.85723 0.80393 0.74335 0.67512 0.59899 0.51481 0.42259 0.32252 0.21498 0.10062 -0.019701 -0.14482 -0.27328 -0.40335 -0.53298 -0.65982 -0.78129 -0.89455 -0.9966 -1.0843 -1.1546 -1.2044 -1.2308 -1.2313 -1.2038 -1.1469 -1.0599 -0.94285 -0.79695 -0.62444 -0.42872 -0.21435 0.012982
32 0.99915 1.0002 1.0034 1.0087 1.0158 1.0247 1.0351 1.0468 1.0593 1.0724 1.0854 1.098 1.1095 1.1193 1.1266 1.1308 1.1309 1.1261 1.1155 1.0983 1.0735 1.0401 0.99749 0.94476 0.8813 0.80661 0.72038 0.62255 0.5133 0.39316 0.26299 0.12405 -0.021968 -0.17297 -0.32641 -0.47932 -0.62835 -0.7698 -0.89972 -1.014 -1.1084 -1.1791 -1.2221 -1.2342 -1.2127 -1.1559 -1.0631 -0.93469 -0.7726 -0.58016
33 0.50565 0.50773 0.51397 0.52432 0.53872 0.55707 0.57924 0.60507 0.63434 0.66678 0.70207 0.73983 0.77961 0.82085 0.86295 0.90519 0.94676 0.98674 1.0241 1.0579 1.0867 1.1095 1.1247 1.1312 1.1276 1.1125 1.0846 1.0429 0.98641 0.91439 0.82644 0.7225 0.60296 0.46869 0.32109 0.16214 -0.0055401 -0.17876 -0.35371 -0.52605 -0.69097 -0.84332 -0.97776 -1.0889 -1.1717 -1.2213 -1.2338 -1.2062 -1.1368 -1.0252
34 -0.16339 -0.16107 -0.15412 -0.1425 -0.12621 -0.1052 -0.079464 -0.048961 -0.013685 0.026353 0.071112 0.12051 0.1744 0.23258 0.29477 0.36058 0.42951 0.50094 0.57413 0.64817 0.72199 0.7944 0.86399 0.92926 0.98852 1.04 1.0818 1.112 1.1286 1.1299 1.1141 1.0795 1.0252 0.95007 0.85395 0.73704 0.60027 0.4453 0.27461 0.091511 -0.09986 -0.29456 -0.48694 -0.67076 -0.83939 -0.98602 -1.104 -1.187 -1.2296 -1.2275
35 -0.75153 -0.74987 -0.74486 -0.73644 -0.7245 -0.70887 -0.68937 -0.66578 -0.63783 -0.60527 -0.5678 -0.52516 -0.47708 -0.42331 -0.36369 -0.29808 -0.22644 -0.14885 -0.065501 0.023245 0.11686 0.21461 0.31554 0.41847 0.52196 0.62433 0.72363 0.8177 0.90417 0.98049 1.044 1.0921 1.122 1.1313 1.1178 1.0796 1.0156 0.92501 0.80812 0.66607 0.50102 0.31624 0.11612 -0.093837 -0.30712 -0.51634 -0.71349 -0.89016 -1.038 -1.149
36 -1.0401 -1.0397 -1.0387 -1.0368 -1.0339 -1.0299 -1.0243 -1.0169 -1.0072 -0.99475 -0.97905 -0.95952 -0.93556 -0.90654 -0.87184 -0.83081 -0.78285 -0.7274 -0.66398 -0.59222 -0.51187 -0.42286 -0.32534 -0.21968 -0.10658 0.013003 0.13772 0.26589 0.39543 0.5239 0.64848 0.76607 0.87327 0.96651 1.0422 1.0966 1.1265 1.1288 1.1011 1.0417 0.94992 0.82611 0.67202 0.49074 0.28688 0.066487 -0.163 -0.39295 -0.61376 -0.81532
37 -0.92884 -0.92999 -0.9334 -0.93898 -0.94657 -0.95596 -0.96687 -0.97892 -0.9917 -1.0047 -1.0174 -1.029 -1.0389 -1.0462 -1.0501 -1.0496 -1.0437 -1.0313 -1.0115 -0.98316 -0.94529 -0.89697 -0.83738 -0.76591 -0.68212 -0.58589 -0.47741 -0.35727 -0.22651 -0.086637 0.06029 0.21169 0.36442 0.51486 0.65889 0.79204 0.90958 1.0067 1.0787 1.1212 1.1304 1.1032 1.038 0.93419 0.79291 0.61707 0.41147 0.18282 -0.060374 -0.30801
38 -0.47051 -0.47274 -0.47942 -0.4905 -0.5059 -0.5255 -0.54912 -0.57656 -0.60754 -0.64172 -0.67869 -0.71793 -0.75886 -0.80077 -0.84284 -0.88414 -0.92361 -0.96009 -0.99229 -1.0188 -1.0382 -1.0488 -1.0493 -1.0379 -1.0133 -0.97406 -0.91911 -0.84758 -0.759 -0.65335 -0.53114 -0.39351 -0.24229 -0.080021 0.089964 0.2636 0.4361 0.60208 0.75568 0.89073 1.0011 1.0807 1.1244 1.1276 1.0872 1.0018 0.87195 0.70033 0.49211 0.25482
39 0.15331 0.15083 0.14337 0.13093 0.11346 0.090946 0.063346 0.030642 -0.0071662 -0.050048 -0.097925 -0.15066 -0.20802 -0.26971 -0.33529 -0.40419 -0.47569 -0.54891 -0.62278 -0.69603 -0.76721 -0.83466 -0.89654 -0.95086 -0.9955 -1.0283 -1.0469 -1.0493 -1.0335 -0.99762 -0.94042 -0.861 -0.75912 -0.63531 -0.49093 -0.32835 -0.15091 0.036993 0.22995 0.42164 0.60498 0.77238 0.91601 1.0282 1.1019 1.1311 1.1113 1.04 0.91728 0.74588
40 0.70351 0.70174 0.69637 0.68733 0.67449 0.65765 0.63658 0.61103 0.58068 0.54522 0.50435 0.45774 0.40513 0.34628 0.28106 0.20941 0.13142 0.047342 -0.042391 -0.13712 -0.23592 -0.33762 -0.44072 -0.54345 -0.64368 -0.73905 -0.82689 -0.90433 -0.96836 -1.0159 -1.0439 -1.0496 -1.0306 -0.9848 -0.91108 -0.80907 -0.6795 -0.5243 -0.34672 -0.15142 0.055616 0.26709 0.4746 0.66897 0.84058 0.97985 1.0778 1.1269 1.1211 1.0572
;
param diP: 1 2 3 4 5 6 7 8 9 10 11 12 13 14 15 16 17 18 19 20 21 22 23 24 25 26 27 28 29 30 31 32 33 34 35 36 37 38 39 40 41 42 43 44 45 46 47 48 49 50 :=
1 6.0296 6.0381 6.0465 6.0549 6.0633 6.0716 6.0798 6.0879 6.096 6.104 6.1118 6.1196 6.1272 6.1347 6.1421 6.1494 6.1566 6.1635 6.1704 6.1771 6.1836 6.19 6.1962 6.2022 6.208 6.2137 6.2191 6.2244 6.2294 6.2343 6.2389 6.2433 6.2476 6.2516 6.2553 6.2589 6.2622 6.2652 6.2681 6.2707 6.273 6.2752 6.277 6.2787 6.28 6.2812 6.2821 6.2827 6.2831 6.2832
2 5.2993 5.3313 5.3633 5.395 5.4267 5.4581 5.4894 5.5204 5.5511 5.5816 5.6117 5.6415 5.6709 5.6999 5.7285 5.7566 5.7843 5.8114 5.8381 5.8641 5.8896 5.9145 5.9387 5.9623 5.9852 6.0074 6.0288 6.0496 6.0695 6.0887 6.1071 6.1246 6.1413 6.1571 6.1721 6.1862 6.1993 6.2116 6.2229 6.2333 6.2427 6.2511 6.2586 6.2651 6.2706 6.2751 6.2787 6.2812 6.2827 6.2832
3 4.1803 4.2452 4.3101 4.3749 4.4397 4.5044 4.5689 4.6331 4.697 4.7605 4.8236 4.8861 4.9481 5.0094 5.07 5.1299 5.1889 5.2469 5.3041 5.3601 5.4151 5.4689 5.5215 5.5727 5.6227 5.6712 5.7182 5.7637 5.8076 5.8498 5.8904 5.9292 5.9662 6.0014 6.0346 6.066 6.0953 6.1227 6.148 6.1712 6.1923 6.2112 6.228 6.2426 6.2549 6.2651 6.273 6.2787 6.2821 6.2832
4 2.8058 2.9046 3.0041 3.1041 3.2046 3.3055 3.4066 3.5078 3.6091 3.7102 3.8112 3.9118 4.0121 4.1117 4.2106 4.3088 4.4059 4.502 4.5969 4.6905 4.7825 4.873 4.9617 5.0486 5.1334 5.2161 5.2966 5.3747 5.4503 5.5232 5.5935 5.6608 5.7252 5.7866 5.8447 5.8996 5.9512 5.9992 6.0438 6.0847 6.122 6.1555 6.1852 6.2111 6.233 6.251 6.2651 6.2751 6.2812 6.2832
5 1.3366 1.4616 1.5884 1.7171 1.8474 1.9792 2.1124 2.2468 2.3822 2.5186 2.6556 2.7932 2.9312 3.0692 3.2072 3.3449 3.4821 3.6187 3.7542 3.8886 4.0216 4.153 4.2824 4.4098 4.5348 4.6573 4.7769 4.8935 5.0068 5.1165 5.2225 5.3246 5.4225 5.516 5.6049 5.6891 5.7683 5.8424 5.9111 5.9745 6.0322 6.0842 6.1304 6.1707 6.2049 6.233 6.2549 6.2706 6.28 6.2832
6 -0.059873 0.075259 0.21425 0.35698 0.50332 0.65314 0.80626 0.96251 1.1217 1.2836 1.448 1.6146 1.7832 1.9536 2.1253 2.2982 2.4719 2.646 2.8203 2.9943 3.1678 3.3403 3.5114 3.6808 3.8481 4.0129 4.1748 4.3334 4.4883 4.6391 4.7854 4.9268 5.0631 5.1937 5.3184 5.4368 5.5485 5.6534 5.751 5.8411 5.9234 5.9977 6.0638 6.1215 6.1706 6.211 6.2425 6.2651 6.2787 6.2832
7 -1.2317 -1.1077 -0.97736 -0.84079 -0.69802 -0.54916 -0.39433 -0.23369 -0.067422 0.10426 0.28112 0.46288 0.64925 0.83988 1.0344 1.2325 1.4337 1.6376 1.8436 2.0514 2.2604 2.47 2.6798 2.8891 3.0973 3.304 3.5083 3.7099 3.9079 4.1019 4.2911 4.475 4.653 4.8245 4.9889 5.1456 5.2941 5.4339 5.5644 5.6853 5.796 5.8962 5.9855 6.0636 6.1302 6.185 6.2278 6.2585 6.277 6.2832
8 -2.0615 -1.9714 -1.8724 -1.7645 -1.6476 -1.5217 -1.3867 -1.2428 -1.09 -0.92841 -0.75826 -0.57976 -0.39319 -0.19888 0.002802 0.21143 0.42653 0.64759 0.87403 1.1052 1.3406 1.5793 1.8208 2.0641 2.3085 2.5533 2.7974 3.04 3.2803 3.5172 3.75 3.9777 4.1993 4.414 4.6208 4.8189 5.0075 5.1858 5.3529 5.5081 5.6508 5.7802 5.8958 5.9972 6.0837 6.1551 6.2109 6.251 6.2751 6.2832
9 -2.4809 -2.4443 -2.3969 -2.3384 -2.2685 -2.1869 -2.0934 -1.9877 -1.8699 -1.7397 -1.5973 -1.4427 -1.276 -1.0975 -0.9074 -0.70616 -0.49419 -0.27202 -0.040253 0.20044 0.4493 0.70549 0.96813 1.2362 1.5088 1.7847 2.0628 2.342 2.6209 2.8984 3.1732 3.4439 3.7093 3.9681 4.2189 4.4605 4.6917 4.9111 5.1178 5.3105 5.4883 5.65 5.795 5.9223 6.0313 6.1213 6.1918 6.2425 6.273 6.2832
10 -2.4775 -2.5068 -2.5248 -2.5306 -2.5237 -2.5034 -2.4692 -2.4204 -2.3567 -2.2777 -2.183 -2.0724 -1.9458 -1.8031 -1.6445 -1.4701 -1.2801 -1.075 -0.85537 -0.62176 -0.37496 -0.11583 0.15462 0.43529 0.72497 1.0223 1.326 1.6344 1.9461 2.2594 2.5725 2.8837 3.1913 3.4935 3.7885 4.0744 4.3496 4.6123 4.8609 5.0937 5.3093 5.5063 5.6833 5.8392 5.9729 6.0836 6.1705 6.2329 6.2706 6.2832
11 -2.0945 -2.1918 -2.279 -2.3551 -2.4188 -2.4692 -2.5052 -2.5258 -2.5301 -2.5172 -2.4863 -2.4367 -2.3679 -2.2794 -2.1708 -2.042 -1.8928 -1.7235 -1.5343 -1.3256 -1.098 -0.85227 -0.58945 -0.31063 -0.017121 0.28962 0.60796 0.93614 1.2722 1.6142 1.96 2.3073 2.6538 2.9972 3.335 3.665 3.9847 4.2918 4.5839 4.859 5.1148 5.3494 5.561 5.748 5.9087 6.0421 6.1469 6.2224 6.268 6.2832
12 -1.4222 -1.5779 -1.7271 -1.8683 -1.9999 -2.1205 -2.2285 -2.3223 -2.4005 -2.4616 -2.5042 -2.527 -2.5287 -2.5084 -2.4651 -2.398 -2.3064 -2.1901 -2.0488 -1.8825 -1.6915 -1.4762 -1.2375 -0.97629 -0.69381 -0.39156 -0.071267 0.26511 0.6154 0.97722 1.348 1.725 2.1055 2.4863 2.8645 3.237 3.6006 3.9523 4.2889 4.6077 4.9056 5.1801 5.4286 5.6489 5.8389 5.9968 6.1212 6.2109 6.2651 6.2832
13 -0.58402 -0.77749 -0.97025 -1.1605 -1.3465 -1.5262 -1.6976 -1.8586 -2.0072 -2.1413 -2.2588 -2.3577 -2.436 -2.4919 -2.5236 -2.5296 -2.5086 -2.4594 -2.381 -2.2729 -2.1346 -1.9662 -1.7679 -1.5403 -1.2844 -1.0016 -0.69331 -0.3617 -0.0090506 0.36202 0.74858 1.1475 1.5552 1.9683 2.3829 2.7951 3.201 3.5966 3.978 4.3413 4.6828 4.9989 5.2864 5.5421 5.7633 5.9477 6.0933 6.1984 6.2619 6.2832
14 0.28258 0.080094 -0.12913 -0.3433 -0.56044 -0.77838 -0.99482 -1.2073 -1.4132 -1.61 -1.7948 -1.9649 -2.1176 -2.2501 -2.3599 -2.4444 -2.5013 -2.5285 -2.5241 -2.4866 -2.4147 -2.3075 -2.1647 -1.9861 -1.7721 -1.5236 -1.242 -0.929 -0.5869 -0.21843 0.17328 0.58467 1.0118 1.4505 1.8962 2.3443 2.7898 3.2277 3.6533 4.0614 4.4474 4.8066 5.1348 5.4279 5.6823 5.895 6.0632 6.1849 6.2585 6.2832
15 1.0455 0.86645 0.67266 0.46556 0.24692 0.018795 -0.21649 -0.45636 -0.69797 -0.93829 -1.1741 -1.402 -1.6185 -1.8201 -2.0032 -2.1643 -2.3 -2.4071 -2.4825 -2.5235 -2.5278 -2.4932 -2.4184 -2.3022 -2.1443 -1.9446 -1.7039 -1.4236 -1.1055 -0.75224 -0.36702 0.046413 0.48377 0.94027 1.4107 1.8895 2.3709 2.8487 3.317 3.7696 4.2005 4.6039 4.9742 5.3065 5.5959 5.8386 6.031 6.1704 6.2549 6.2832
16 1.5962 1.4716 1.3249 1.1569 0.96879 0.76206 0.53865 0.30087 0.051445 -0.20656 -0.46973 -0.73433 -0.99637 -1.2516 -1.4957 -1.7242 -1.9325 -2.1163 -2.2713 -2.3933 -2.4786 -2.5239 -2.5262 -2.4832 -2.3932 -2.2552 -2.0688 -1.8347 -1.554 -1.2289 -0.86244 -0.45823 -0.020804 0.44465 0.93231 1.4358 1.9483 2.4627 2.9717 3.4677 3.9433 4.3915 4.8052 5.1781 5.5043 5.7786 5.9967 6.155 6.251 6.2832
17 1.8644 1.818 1.7446 1.6438 1.5157 1.361 1.1805 0.976 0.74948 0.5036 0.2415 -0.033145 -0.31621 -0.60314 -0.88901 -1.1686 -1.4365 -1.6871 -1.9149 -2.1144 -2.2802 -2.4075 -2.4918 -2.529 -2.516 -2.4501 -2.3298 -2.1542 -1.9237 -1.6396 -1.3042 -0.921 -0.49432 -0.029594 0.4669 0.98806 1.5262 2.0729 2.6195 3.1572 3.6771 4.1702 4.6282 5.0431 5.4075 5.7151 5.9602 6.1385 6.2469 6.2832
18 1.8258 1.8699 1.8857 1.8714 1.8258 1.748 1.6376 1.495 1.321 1.1174 0.88653 0.6313 0.35551 0.063544 -0.23957 -0.54826 -0.85646 -1.1578 -1.4455 -1.7128 -1.9529 -2.1592 -2.3254 -2.4457 -2.5149 -2.5286 -2.4835 -2.3772 -2.2084 -1.9773 -1.6851 -1.3346 -0.92988 -0.47615 0.020043 0.55105 1.1083 1.6823 2.2631 2.8402 3.403 3.9409 4.4437 4.9017 5.3058 5.648 5.9217 6.1211 6.2425 6.2832
19 1.5034 1.6359 1.7435 1.8229 1.8711 1.8855 1.8641 1.8055 1.7088 1.5743 1.4028 1.196 0.95662 0.68834 0.39564 0.083899 -0.24072 -0.57137 -0.90058 -1.2205 -1.523 -1.7998 -2.0428 -2.2442 -2.3968 -2.4941 -2.5305 -2.5015 -2.4042 -2.2368 -1.9992 -1.693 -1.3214 -0.88922 -0.40299 0.12937 0.69857 1.2941 1.9047 2.5183 3.1223 3.7044 4.2523 4.7542 5.1992 5.5776 5.881 6.1028 6.2378 6.2832
20 0.96168 1.166 1.3535 1.5196 1.6596 1.7692 1.8445 1.8819 1.8788 1.8331 1.7437 1.6105 1.4345 1.2178 0.96371 0.67667 0.36231 0.027294 -0.32071 -0.67323 -1.0211 -1.3548 -1.6645 -1.9404 -2.1731 -2.3538 -2.4745 -2.5283 -2.5098 -2.4151 -2.2423 -1.9911 -1.6636 -1.2637 -0.79735 -0.27262 0.30078 0.91151 1.5469 2.1934 2.8365 3.4617 4.0545 4.6009 5.088 5.5038 5.8384 6.0834 6.2329 6.2832
21 0.29545 0.542 0.78415 1.0162 1.2324 1.4267 1.5934 1.727 1.8225 1.8756 1.8828 1.8415 1.7504 1.6094 1.4198 1.1844 0.90746 0.59471 0.2533 -0.10835 -0.48067 -0.85319 -1.2148 -1.5539 -1.859 -2.1188 -2.3228 -2.4614 -2.5265 -2.5114 -2.4119 -2.2254 -1.9523 -1.595 -1.1587 -0.65089 -0.081528 0.5374 1.1921 1.8673 2.5467 3.2135 3.8508 4.4422 4.9722 5.4268 5.7937 6.0631 6.2278 6.2832
22 -0.38623 -0.13528 0.12625 0.39248 0.65696 0.91282 1.1529 1.3701 1.5572 1.7076 1.8152 1.8748 1.8821 1.8344 1.7303 1.5701 1.3559 1.0916 0.78286 0.43739 0.064354 -0.32552 -0.7203 -1.1071 -1.4726 -1.8032 -2.0857 -2.3077 -2.4579 -2.5269 -2.5072 -2.3938 -2.1843 -1.8796 -1.4831 -1.0017 -0.44498 0.17469 0.84255 1.5418 2.2543 2.9609 3.6419 4.2784 4.8522 5.3465 5.747 6.0419 6.2224 6.2832
23 -0.97683 -0.76187 -0.52094 -0.25914 0.017471 0.30192 0.58649 0.86293 1.1226 1.357 1.5574 1.716 1.8256 1.8803 1.8754 1.8082 1.6777 1.4851 1.234 0.93001 0.58117 0.19756 -0.20884 -0.62446 -1.0345 -1.4236 -1.776 -2.0764 -2.3103 -2.4648 -2.5293 -2.4953 -2.3577 -2.1145 -1.7674 -1.3218 -0.78645 -0.17383 0.50065 1.2189 1.9608 2.7047 3.4284 4.1099 4.7279 5.2631 5.6984 6.0197 6.2168 6.2832
24 -1.3884 -1.2458 -1.064 -0.84627 -0.59718 -0.32268 -0.029963 0.27266 0.57597 0.87004 1.1446 1.3894 1.5944 1.7506 1.8498 1.8856 1.8536 1.7514 1.5793 1.3402 1.04 0.68691 0.29217 -0.13084 -0.56672 -0.99859 -1.4086 -1.7788 -2.0915 -2.3303 -2.4806 -2.5306 -2.4713 -2.2977 -2.0089 -1.6082 -1.1031 -0.50558 0.16859 0.90021 1.6673 2.4459 3.2108 3.9369 4.5998 5.1767 5.6477 5.9966 6.2109 6.2832
25 -1.5643 -1.5201 -1.4283 -1.2893 -1.1051 -0.87931 -0.61746 -0.32663 -0.015476 0.30597 0.62663 0.93466 1.2179 1.4644 1.6628 1.8029 1.8762 1.8763 1.7996 1.6452 1.4155 1.1164 0.75688 0.34922 -0.091453 -0.54764 -1 -1.4282 -1.8117 -2.1303 -2.3656 -2.5015 -2.5254 -2.4282 -2.2057 -1.8585 -1.3924 -0.81813 -0.1515 0.58751 1.3753 2.1854 2.9898 3.7599 4.4678 5.0873 5.5952 5.9725 6.2048 6.2832
26 -1.4865 -1.5519 -1.5681 -1.5319 -1.4418 -1.2983 -1.1037 -0.8627 -0.58191 -0.27012 0.06208 0.40251 0.73785 1.0541 1.337 1.5731 1.7498 1.8564 1.8847 1.8293 1.6885 1.4642 1.1623 0.79282 0.36946 -0.090626 -0.56747 -1.039 -1.482 -1.873 -2.1897 -2.4115 -2.5212 -2.5056 -2.3564 -2.0708 -1.652 -1.1093 -0.45761 0.2825 1.086 1.9242 2.766 3.5793 4.3323 4.995 5.5408 5.9475 6.1984 6.2832
27 -1.1769 -1.3456 -1.4714 -1.5475 -1.5684 -1.5303 -1.4318 -1.2736 -1.0591 -0.79429 -0.48779 -0.1506 0.20415 0.56165 0.90599 1.2208 1.49 1.6988 1.834 1.8854 1.8462 1.7136 1.4893 1.1796 0.79565 0.35307 -0.12854 -0.62631 -1.115 -1.5683 -1.9599 -2.2649 -2.4611 -2.5306 -2.4604 -2.2436 -1.8802 -1.377 -0.74785 -0.013204 0.80078 1.6632 2.5401 3.3954 4.1933 4.8999 5.4845 5.9215 6.1918 6.2832
28 -0.69267 -0.94131 -1.1613 -1.3425 -1.4754 -1.5521 -1.5664 -1.5145 -1.3953 -1.2106 -0.96552 -0.66822 -0.33 0.03513 0.41089 0.77939 1.122 1.42 1.656 1.8146 1.8835 1.8543 1.7235 1.4926 1.169 0.76529 0.29956 -0.20562 -0.72399 -1.2268 -1.6843 -2.0672 -2.3485 -2.5047 -2.5178 -2.376 -2.0754 -1.6195 -1.0205 -0.29805 0.52085 1.4034 2.3125 3.2085 4.0512 4.8021 5.4264 5.8947 6.1849 6.2832
29 -0.11587 -0.40736 -0.69074 -0.95354 -1.1833 -1.3682 -1.4975 -1.5625 -1.5567 -1.4769 -1.3232 -1.0994 -0.81327 -0.47617 -0.10302 0.28837 0.67807 1.0449 1.3676 1.626 1.8023 1.882 1.8557 1.7191 1.4743 1.1298 0.70065 0.20787 -0.32233 -0.85976 -1.3718 -1.825 -2.1874 -2.4301 -2.5293 -2.4677 -2.2364 -1.8354 -1.2739 -0.57057 0.24745 1.1457 2.0841 3.0192 3.9061 4.7017 5.3664 5.8669 6.1778 6.2832
30 0.4597 0.17077 -0.13412 -0.442 -0.73879 -1.0099 -1.2409 -1.4184 -1.5307 -1.5689 -1.5272 -1.4037 -1.2009 -0.92598 -0.59043 -0.2101 0.19558 0.60441 0.99258 1.336 1.6116 1.7992 1.8825 1.8509 1.6999 1.4328 1.0601 0.59969 0.076543 -0.47885 -1.0318 -1.5456 -1.9831 -2.31 -2.4963 -2.5187 -2.3626 -2.0233 -1.5067 -0.82939 -0.018252 0.89096 1.8554 2.8277 3.7583 4.5988 5.3047 5.8382 6.1704 6.2832
31 0.94363 0.70382 0.42406 0.11575 -0.20739 -0.52986 -0.83504 -1.106 -1.3266 -1.4822 -1.561 -1.5545 -1.4588 -1.2751 -1.0098 -0.67465 -0.28657 0.13315 0.55984 0.96679 1.3268 1.6141 1.806 1.8845 1.8383 1.6636 1.3652 0.95659 0.45976 -0.095775 -0.67447 -1.2367 -1.7413 -2.1481 -2.4208 -2.5296 -2.4536 -2.1824 -1.7176 -1.0732 -0.27513 0.6401 1.6271 2.6345 3.6079 4.4935 5.2413 5.8087 6.1628 6.2832
32 1.2628 1.1122 0.90184 0.63929 0.33562 0.0049679 -0.33596 -0.66865 -0.97377 -1.2322 -1.4264 -1.5414 -1.5663 -1.4948 -1.3268 -1.068 -0.73071 -0.33311 0.10134 0.54515 0.96844 1.3408 1.6335 1.8215 1.8857 1.8146 1.6059 1.2669 0.81534 0.27807 -0.30975 -0.90682 -1.4683 -1.9488 -2.3055 -2.5017 -2.5094 -2.3119 -1.9056 -1.3009 -0.5221 0.39398 1.3998 2.44 3.4552 4.3858 5.1762 5.7782 6.155 6.2832
33 1.372 1.3377 1.2315 1.0555 0.81579 0.52268 0.19049 -0.1631 -0.51779 -0.85179 -1.1431 -1.371 -1.5176 -1.5689 -1.5169 -1.3599 -1.1033 -0.76008 -0.35021 0.10028 0.56069 0.99763 1.3773 1.668 1.8428 1.8819 1.7747 1.521 1.1325 0.63189 0.052338 -0.56445 -1.1709 -1.717 -2.1535 -2.4365 -2.5304 -2.4114 -2.0697 -1.5114 -0.75815 0.15346 1.174 2.2445 3.3004 4.276 5.1094 5.7468 6.1469 6.2832
34 1.2605 1.3515 1.3692 1.3087 1.1695 0.95577 0.67698 0.34728 -0.014784 -0.3872 -0.74572 -1.0654 -1.3222 -1.4951 -1.5675 -1.5291 -1.3772 -1.1174 -0.76354 -0.33798 0.13015 0.60645 1.0537 1.4345 1.7145 1.8653 1.8672 1.7115 1.4021 0.95578 0.40216 -0.21821 -0.85628 -1.458 -1.9684 -2.3361 -2.5174 -2.4808 -2.2094 -1.7038 -0.98234 -0.080652 0.95048 2.0485 3.1437 4.164 5.0409 5.7146 6.1385 6.2832
35 0.95227 1.1577 1.3002 1.3677 1.352 1.2498 1.0632 0.80043 0.47537 0.10737 -0.27983 -0.65942 -1.0034 -1.2844 -1.4781 -1.5654 -1.534 -1.3805 -1.1109 -0.74106 -0.29603 0.19118 0.68196 1.1349 1.5091 1.7678 1.882 1.8333 1.6165 1.241 0.73068 0.12345 -0.53163 -1.1776 -1.7543 -2.203 -2.4717 -2.5203 -2.3241 -1.8772 -1.1938 -0.30757 0.72976 1.8524 2.9853 4.05 4.9709 5.6815 6.1299 6.2832
36 0.50169 0.79185 1.0406 1.2297 1.3433 1.37 1.3032 1.143 0.896 0.57595 0.20297 -0.19734 -0.59548 -0.96015 -1.2606 -1.4694 -1.5647 -1.5328 -1.37 -1.0835 -0.69173 -0.22356 0.28352 0.78607 1.2383 1.596 1.8208 1.8841 1.7705 1.48 1.0297 0.4524 -0.20424 -0.88181 -1.5156 -2.0399 -2.3946 -2.5303 -2.4135 -2.0311 -1.3917 -0.52655 0.51245 1.6566 2.8255 3.9341 4.8993 5.6475 6.1211 6.2832
37 -0.016177 0.31454 0.63401 0.91975 1.15 1.3053 1.3706 1.3364 1.2 0.96703 0.65074 0.27232 -0.14058 -0.5555 -0.93767 -1.2528 -1.4702 -1.5659 -1.5251 -1.3445 -1.0334 -0.61386 -0.11949 0.40688 0.91654 1.3593 1.688 1.8639 1.8604 1.6671 1.2918 0.76102 0.11874 -0.57657 -1.2568 -1.8502 -2.2881 -2.5115 -2.4776 -2.1647 -1.5753 -0.73688 0.29912 1.4614 2.6646 3.8164 4.8262 5.6127 6.112 6.2832
38 -0.51766 -0.19831 0.14429 0.48662 0.8034 1.0694 1.2616 1.3611 1.3552 1.2391 1.0167 0.70152 0.31594 -0.10995 -0.54042 -0.93695 -1.2616 -1.4806 -1.5681 -1.509 -1.3014 -0.95786 -0.50522 0.017113 0.56013 1.0695 1.491 1.7755 1.8852 1.7981 1.5111 1.0424 0.43046 -0.26802 -0.98301 -1.6373 -2.1542 -2.4649 -2.5165 -2.2779 -1.744 -0.93788 0.090317 1.2673 2.5026 3.697 4.7516 5.577 6.1027 6.2832
39 -0.9239 -0.66739 -0.3541 -0.0048468 0.35514 0.69785 0.99465 1.2187 1.3473 1.3648 1.2639 1.0476 0.72969 0.33426 -0.10568 -0.55067 -0.95814 -1.2864 -1.4991 -1.5688 -1.4811 -1.2369 -0.85333 -0.3634 0.18655 0.74066 1.239 1.6238 1.8457 1.8704 1.6827 1.2903 0.72444 0.037839 -0.6991 -1.405 -1.9954 -2.3918 -2.5306 -2.3702 -1.8972 -1.1289 -0.11341 1.0746 2.34 3.5761 4.6755 5.5405 6.0932 6.2832
40 -1.1731 -1.0221 -0.78737 -0.48317 -0.13072 0.24311 0.60761 0.93065 1.1815 1.334 1.369 1.2774 1.0616 0.73609 0.3274 -0.12795 -0.58623 -1.0006 -1.3256 -1.5225 -1.5636 -1.4365 -1.146 -0.71579 -0.18639 0.38775 0.94356 1.4159 1.7449 1.8834 1.8031 1.4997 0.99477 0.3352 -0.41014 -1.157 -1.8142 -2.2936 -2.5202 -2.4415 -2.0344 -1.3095 -0.31154 0.88376 2.1768 3.4537 4.5981 5.5032 6.0834 6.2832
;
